#! FIELDS time boot 
0 0.2697530098020434
1 0.2409267440168499
2 0.17907087337861705
3 0.2280079155933203
4 0.13965875873582886
5 0.2580880648266111
6 0.22571757418397895
7 0.20400329861769378
8 0.2333170105798027
9 0.1713427390324305
10 0.19538122161420976
11 0.2117164714136207
12 0.19559593868878866
13 0.2896707264407279
14 0.19413967021281417
15 0.16014544486374133
16 0.15584004436125312
17 0.24568543413657276
18 0.24877988714772564
19 0.2573431622252022
20 0.20703261189174846
21 0.24472885517513987
22 0.33110329721386367
23 0.22253466400668584
24 0.21036609381757523
25 0.15723087628596258
26 0.1448058667835443
27 0.237967952494817
28 0.24700289114604818
29 0.24011778841096645
30 0.18190157686008124
31 0.24196260305357803
32 0.27006701904597474
33 0.3006268505097178
34 0.2376681168959976
35 0.2662501444502914
36 0.20255097146157006
37 0.18082563562756931
38 0.2615981359898303
39 0.21109079042664383
40 0.23980274133001817
41 0.182731325137997
42 0.2359536423836172
43 0.32200457861082515
44 0.15387155589011575
45 0.20644043701432468
46 0.2359404189227117
47 0.14945074573387745
48 0.27197016485644976
49 0.2337515493223507
50 0.2520285574630292
51 0.28516086531092716
52 0.24060430159369042
53 0.2669492422869606
54 0.25022444557780305
55 0.1849804006039164
56 0.24896620550249074
57 0.14053225932718305
58 0.2537519603486423
59 0.2592152720360453
60 0.2998788458500002
61 0.22008976627721163
62 0.22204122906694754
63 0.28661409585525666
64 0.13673775477436642
65 0.22372142164648556
66 0.21468176894280497
67 0.25051782990318205
68 0.23288459575122558
69 0.2605181706937756
70 0.2339733234499178
71 0.18679470353447034
72 0.22110603593844128
73 0.22401187271644274
74 0.19939039784514917
75 0.25218684032577793
76 0.18693622496925963
77 0.18175141517680263
78 0.28343260149364885
79 0.21368411954002434
80 0.24143968278441216
81 0.27605962715468535
82 0.17140895878671614
83 0.20126006457517198
84 0.22284679099487587
85 0.24038332712447766
86 0.21988245644635065
87 0.15955402042717773
88 0.23343325254911326
89 0.2070615026982311
90 0.2084177875160375
91 0.32006068379925745
92 0.2092543405203824
93 0.27937060064393965
94 0.25702836997056844
95 0.19470596338213433
96 0.25234163298014717
97 0.260222814027536
98 0.21157055261182664
99 0.26478238064417636
100 0.25751965150964956
101 0.26561932905330726
102 0.21318885225445525
103 0.20702925751090911
104 0.1944856434936037
105 0.21460371254611588
106 0.2893019010070191
107 0.16611374502211362
108 0.23387655341604813
109 0.2687065473829349
110 0.27661045991397654
111 0.22796074285011253
112 0.2834197428825559
113 0.18978258932266168
114 0.16495075846929524
115 0.1986678603076755
116 0.28353096532057587
117 0.29851139248432157
118 0.1453619185983365
119 0.2228100606994906
120 0.2939723747447943
121 0.16720934392140796
122 0.23681514087710093
123 0.20725681311756397
124 0.13880052617696317
125 0.20346608709035055
126 0.19419775384327984
127 0.2529621812563124
128 0.27611296513384476
129 0.170957916137819
130 0.1918885380889883
131 0.18082162515530428
132 0.1787034163555229
133 0.2490918146780323
134 0.23475456093318794
135 0.2826938715405717
136 0.2971442008655815
137 0.26126517408771166
138 0.281518455772854
139 0.24369701415324801
140 0.18620644917660495
141 0.20402732685047575
142 0.17811747219173035
143 0.261588916081119
144 0.30981585402569345
145 0.27989044782176953
146 0.2254604337518274
147 0.2581446953140731
148 0.2513391244418049
149 0.2463612547897808
150 0.2055237465798349
151 0.22170932521903702
152 0.2846212608055719
153 0.24180561426105532
154 0.283071829774211
155 0.21887836168659328
156 0.24582524400507935
157 0.223647047680831
158 0.2815625169232691
159 0.2695470941644841
160 0.32859210501877173
161 0.222446757474536
162 0.2249388187656135
163 0.262378005592832
164 0.24149591830316772
165 0.1710001584911921
166 0.19376348620372455
167 0.253531331106518
168 0.25599243479613604
169 0.20247969716558387
170 0.1264539870014151
171 0.26029911609325873
172 0.15151447325960887
173 0.27517795450097093
174 0.20821496448189591
175 0.2640142877721567
176 0.24793522404543797
177 0.18245231367875728
178 0.26681812140657885
179 0.1756521176890445
180 0.23833396748996438
181 0.2605701550104493
182 0.2351125219839353
183 0.19877104901518322
184 0.2635016463425288
185 0.2532214366870616
186 0.22630297666454402
187 0.2733551631846142
188 0.26369429345161716
189 0.25558322086622315
190 0.21755319065006903
191 0.16523115765201452
192 0.16484712013557654
193 0.20916224184366494
194 0.1839320403166101
195 0.2498909021976991
196 0.2375418061815052
197 0.19496889245788063
198 0.24544169254557463
199 0.17545558594767452
