#! FIELDS time var
 0.000000 0.000000
 1.000000 0.000000
 2.000000 0.000000
 3.000000 0.000957
 4.000000 0.000710
 5.000000 0.001625
 6.000000 0.001899
 7.000000 0.001620
 8.000000 0.001397
 9.000000 0.001278
 10.000000 0.001312
 11.000000 0.001197
 12.000000 0.001090
 13.000000 0.001011
 14.000000 0.001419
 15.000000 0.001342
 16.000000 0.001419
 17.000000 0.001493
 18.000000 0.001496
 19.000000 0.001502
 20.000000 0.001536
 21.000000 0.001460
 22.000000 0.001439
 23.000000 0.001972
 24.000000 0.001887
 25.000000 0.001812
 26.000000 0.001884
 27.000000 0.002001
 28.000000 0.001948
 29.000000 0.001915
 30.000000 0.001869
 31.000000 0.001845
 32.000000 0.001808
 33.000000 0.001839
 34.000000 0.001985
 35.000000 0.001935
 36.000000 0.001937
 37.000000 0.001894
 38.000000 0.001886
 39.000000 0.001880
 40.000000 0.001834
 41.000000 0.001797
 42.000000 0.001789
 43.000000 0.001752
 44.000000 0.001942
 45.000000 0.002006
 46.000000 0.001966
 47.000000 0.001928
 48.000000 0.001996
 49.000000 0.002009
 50.000000 0.001971
 51.000000 0.001950
 52.000000 0.001987
 53.000000 0.001955
 54.000000 0.001952
 55.000000 0.001928
 56.000000 0.001922
 57.000000 0.001898
 58.000000 0.001987
 59.000000 0.001968
 60.000000 0.001956
 61.000000 0.002016
 62.000000 0.001984
 63.000000 0.001952
 64.000000 0.001979
 65.000000 0.002072
 66.000000 0.002041
 67.000000 0.002011
 68.000000 0.001991
 69.000000 0.001962
 70.000000 0.001951
 71.000000 0.001924
 72.000000 0.001919
 73.000000 0.001892
 74.000000 0.001867
 75.000000 0.001850
 76.000000 0.001835
 77.000000 0.001831
 78.000000 0.001831
 79.000000 0.001851
 80.000000 0.001830
 81.000000 0.001810
 82.000000 0.001819
 83.000000 0.001833
 84.000000 0.001817
 85.000000 0.001796
 86.000000 0.001777
 87.000000 0.001757
 88.000000 0.001786
 89.000000 0.001766
 90.000000 0.001750
 91.000000 0.001733
 92.000000 0.001814
 93.000000 0.001797
 94.000000 0.001810
 95.000000 0.001801
 96.000000 0.001792
 97.000000 0.001781
 98.000000 0.001774
 99.000000 0.001758
 100.000000 0.001756
 101.000000 0.001748
 102.000000 0.001745
 103.000000 0.001730
 104.000000 0.001717
 105.000000 0.001711
 106.000000 0.001696
 107.000000 0.001717
 108.000000 0.001735
 109.000000 0.001719
 110.000000 0.001720
 111.000000 0.001727
 112.000000 0.001711
 113.000000 0.001724
 114.000000 0.001721
 115.000000 0.001740
 116.000000 0.001732
 117.000000 0.001744
 118.000000 0.001773
 119.000000 0.001815
 120.000000 0.001799
 121.000000 0.001822
 122.000000 0.001836
 123.000000 0.001822
 124.000000 0.001810
 125.000000 0.001858
 126.000000 0.001847
 127.000000 0.001841
 128.000000 0.001832
 129.000000 0.001837
 130.000000 0.001846
 131.000000 0.001841
 132.000000 0.001842
 133.000000 0.001845
 134.000000 0.001835
 135.000000 0.001822
 136.000000 0.001833
 137.000000 0.001857
 138.000000 0.001852
 139.000000 0.001860
 140.000000 0.001849
 141.000000 0.001848
 142.000000 0.001838
 143.000000 0.001842
 144.000000 0.001837
 145.000000 0.001873
 146.000000 0.001879
 147.000000 0.001866
 148.000000 0.001860
 149.000000 0.001851
 150.000000 0.001841
 151.000000 0.001832
 152.000000 0.001820
 153.000000 0.001829
 154.000000 0.001818
 155.000000 0.001826
 156.000000 0.001815
 157.000000 0.001805
 158.000000 0.001794
 159.000000 0.001800
 160.000000 0.001799
 161.000000 0.001849
 162.000000 0.001838
 163.000000 0.001827
 164.000000 0.001822
 165.000000 0.001812
 166.000000 0.001822
 167.000000 0.001819
 168.000000 0.001811
 169.000000 0.001805
 170.000000 0.001798
 171.000000 0.001850
 172.000000 0.001845
 173.000000 0.001869
 174.000000 0.001870
 175.000000 0.001862
 176.000000 0.001859
 177.000000 0.001850
 178.000000 0.001852
 179.000000 0.001849
 180.000000 0.001855
 181.000000 0.001845
 182.000000 0.001840
 183.000000 0.001831
 184.000000 0.001826
 185.000000 0.001822
 186.000000 0.001815
 187.000000 0.001806
 188.000000 0.001806
 189.000000 0.001803
 190.000000 0.001797
 191.000000 0.001788
 192.000000 0.001801
 193.000000 0.001813
 194.000000 0.001805
 195.000000 0.001806
 196.000000 0.001799
 197.000000 0.001791
 198.000000 0.001787
 199.000000 0.001780
