#! FIELDS time boot 
0 -0.01131579752944092
1 0.005006524798198433
2 -0.016397660727338954
3 0.040411572837023825
4 -0.03643676649444078
5 -0.003106163171303532
6 0.0799667962912562
7 0.030318510410289882
8 0.047715002232989266
9 0.050613797149510864
10 -0.04558352590404263
11 -0.00650715186806175
12 -0.045860016759890175
13 0.012662018571394729
14 -0.057680245011533425
15 0.053086339990972786
16 0.07085907246922496
17 0.0014367658248101737
18 0.056655111825653026
19 0.006098440026504743
20 -0.09154553094685193
21 -0.006156485183125328
22 0.01935257087911353
23 0.004763289095487027
24 0.007981560221768418
25 -0.05109900572647483
26 0.01288346950800472
27 0.04061678025169058
28 -0.0152936332502352
29 -0.00016348913115314255
30 0.03460785515604128
31 -0.005636155404154885
32 -0.04780757469988031
33 0.0059482289517562206
34 -0.009280436103544457
35 -0.01595024275776734
36 0.046100286477660075
37 0.04395021071622766
38 -0.021006035404710608
39 -0.041444640094988036
40 0.007929602949762407
41 -0.0021981320428361025
42 0.047658293981385436
43 0.009384861833006148
44 0.02448837771272877
45 0.014935883492893773
46 0.02849764333506852
47 0.012697170677649278
48 -0.02035130000706251
49 -0.11900702589516605
50 0.009624783204222893
51 0.06935381061655078
52 -0.047829056731066494
53 -0.0006547404424313616
54 0.010911215074079756
55 -0.01839635543950122
56 0.033781492840333265
57 -0.02149677419969632
58 0.012948033293358299
59 -0.03325739431755294
60 0.02617940169016506
61 0.03754258864824035
62 0.02412420583525886
63 -0.03672526821523049
64 -0.04193166392330342
65 -0.021426697852183794
66 -0.00468625998430805
67 0.10251165930166826
68 0.04678710857722495
69 -0.03353624093693292
70 -0.05041857240602896
71 0.014076549193294851
72 0.0030027269397359495
73 -0.023983115768207306
74 -0.021417426998617886
75 0.04778292843649949
76 -0.012763483061015912
77 0.015039441201525316
78 -0.10637242506874336
79 -0.03491915850471598
80 -0.09281521412988118
81 -0.018862705155861907
82 0.04407035566609354
83 0.055129840191209464
84 -0.04222546000888986
85 0.01994279683360407
86 -0.006122545051398112
87 0.004240173666958846
88 0.005206246342784968
89 -0.023212960707916147
90 -0.02440679490445254
91 -0.015359010105676689
92 0.025618187406751685
93 0.008716902103191006
94 0.11179923015232693
95 0.029875913108434828
96 -0.03410971537552214
97 -0.047225963155991015
98 -0.025625645030001528
99 0.045701528789759624
100 0.0018593328882292276
101 -0.007342672937644841
102 0.04914244323880827
103 -0.012226991318172935
104 0.02886077601266485
105 -0.023497559280552256
106 0.007598661661177996
107 -0.0549445157697542
108 0.03316816616201714
109 0.06915768982894943
110 0.024727371772764715
111 -0.04578023035303354
112 0.04027394599828181
113 0.1020082626241247
114 0.004166011311954094
115 0.10964834995475957
116 0.0678957451988221
117 -0.028284941492701724
118 -0.02166149782009331
119 -0.08096181257981369
120 0.04808216167696638
121 0.0190155975296401
122 -0.025502556342351854
123 0.01590924838747862
124 -0.0443812737951515
125 -0.058467688627630285
126 -0.007979879062012056
127 0.028437533638646904
128 0.02592844357660073
129 0.0055103151551197166
130 0.000818584227091237
131 0.0963893492687182
132 -0.03855495822612257
133 -0.007723331814925092
134 0.07577375167049757
135 0.034481223931436836
136 -0.004299203268415582
137 -0.062466289206706486
138 -0.018234041752168622
139 -0.04785007476828972
140 0.022150975382156816
141 0.014915870640627734
142 -0.0814243205753914
143 0.03330111969694114
144 0.05259235458195446
145 0.002720730915248791
146 0.03177157336112011
147 0.012014262716012206
148 -0.01721648722949584
149 0.004118551842742642
150 -0.004996184351023712
151 -0.07884123569815359
152 -0.041231720965406594
153 0.058809294583081866
154 -0.0005147219323833612
155 0.008813440909146339
156 -0.01382893728641627
157 0.030887481762816603
158 -0.014315561801478539
159 -0.028874751304599218
160 0.06929410457674635
161 0.029607159284972394
162 -0.01874567284790819
163 0.05868577192225502
164 0.012633551569290033
165 0.05782495730389897
166 -0.08475869173170186
167 0.049712176270503956
168 0.07542535039470144
169 0.01948136325931565
170 -0.005322339899191842
171 0.04789452307135908
172 0.12938357897472028
173 -0.05968769450109327
174 0.08583416516029613
175 0.09226850441540595
176 0.04414558043131257
177 0.12058805868169094
178 0.06404919362407129
179 -0.03163027897025982
180 -0.0518935455007592
181 -0.03131860864864318
182 0.025270894009277314
183 -0.0002706599496575124
184 0.040701214877993455
185 0.014285315184514952
186 0.038848815297228605
187 0.06395031611572871
188 -0.019591410977097955
189 -0.0429629640571177
190 0.01643855611716495
191 0.03521498512149149
192 -0.027651916421628172
193 0.03602084020252521
194 -0.0068699132658246
195 0.04280464811445954
196 0.04871235910511957
197 0.04158408211430501
198 -0.03502198992802685
199 -0.03835575517127507
