#! FIELDS time var
 0.000000 0.000000
 1.000000 0.000000
 2.000000 0.000000
 3.000000 0.000115
 4.000000 0.000549
 5.000000 0.000810
 6.000000 0.000648
 7.000000 0.001476
 8.000000 0.001308
 9.000000 0.001267
 10.000000 0.001229
 11.000000 0.001517
 12.000000 0.001418
 13.000000 0.001567
 14.000000 0.001448
 15.000000 0.001636
 16.000000 0.001678
 17.000000 0.001810
 18.000000 0.001709
 19.000000 0.001725
 20.000000 0.001637
 21.000000 0.002072
 22.000000 0.001982
 23.000000 0.001899
 24.000000 0.001817
 25.000000 0.001741
 26.000000 0.001803
 27.000000 0.001736
 28.000000 0.001716
 29.000000 0.001671
 30.000000 0.001615
 31.000000 0.001588
 32.000000 0.001541
 33.000000 0.001581
 34.000000 0.001534
 35.000000 0.001494
 36.000000 0.001463
 37.000000 0.001471
 38.000000 0.001471
 39.000000 0.001451
 40.000000 0.001468
 41.000000 0.001432
 42.000000 0.001398
 43.000000 0.001409
 44.000000 0.001377
 45.000000 0.001354
 46.000000 0.001326
 47.000000 0.001308
 48.000000 0.001281
 49.000000 0.001269
 50.000000 0.001554
 51.000000 0.001524
 52.000000 0.001578
 53.000000 0.001599
 54.000000 0.001569
 55.000000 0.001541
 56.000000 0.001522
 57.000000 0.001511
 58.000000 0.001496
 59.000000 0.001472
 60.000000 0.001469
 61.000000 0.001454
 62.000000 0.001449
 63.000000 0.001432
 64.000000 0.001435
 65.000000 0.001445
 66.000000 0.001431
 67.000000 0.001410
 68.000000 0.001537
 69.000000 0.001541
 70.000000 0.001539
 71.000000 0.001559
 72.000000 0.001538
 73.000000 0.001517
 74.000000 0.001506
 75.000000 0.001494
 76.000000 0.001501
 77.000000 0.001484
 78.000000 0.001467
 79.000000 0.001600
 80.000000 0.001597
 81.000000 0.001686
 82.000000 0.001670
 83.000000 0.001673
 84.000000 0.001688
 85.000000 0.001690
 86.000000 0.001675
 87.000000 0.001656
 88.000000 0.001637
 89.000000 0.001618
 90.000000 0.001607
 91.000000 0.001596
 92.000000 0.001581
 93.000000 0.001571
 94.000000 0.001554
 95.000000 0.001668
 96.000000 0.001659
 97.000000 0.001655
 98.000000 0.001662
 99.000000 0.001653
 100.000000 0.001656
 101.000000 0.001640
 102.000000 0.001624
 103.000000 0.001631
 104.000000 0.001617
 105.000000 0.001608
 106.000000 0.001599
 107.000000 0.001584
 108.000000 0.001599
 109.000000 0.001594
 110.000000 0.001621
 111.000000 0.001611
 112.000000 0.001617
 113.000000 0.001615
 114.000000 0.001689
 115.000000 0.001674
 116.000000 0.001757
 117.000000 0.001777
 118.000000 0.001771
 119.000000 0.001762
 120.000000 0.001807
 121.000000 0.001809
 122.000000 0.001796
 123.000000 0.001788
 124.000000 0.001775
 125.000000 0.001779
 126.000000 0.001795
 127.000000 0.001781
 128.000000 0.001772
 129.000000 0.001763
 130.000000 0.001749
 131.000000 0.001736
 132.000000 0.001788
 133.000000 0.001788
 134.000000 0.001776
 135.000000 0.001801
 136.000000 0.001795
 137.000000 0.001782
 138.000000 0.001801
 139.000000 0.001792
 140.000000 0.001798
 141.000000 0.001787
 142.000000 0.001776
 143.000000 0.001813
 144.000000 0.001807
 145.000000 0.001812
 146.000000 0.001799
 147.000000 0.001792
 148.000000 0.001781
 149.000000 0.001771
 150.000000 0.001760
 151.000000 0.001748
 152.000000 0.001781
 153.000000 0.001782
 154.000000 0.001791
 155.000000 0.001779
 156.000000 0.001768
 157.000000 0.001759
 158.000000 0.001752
 159.000000 0.001743
 160.000000 0.001739
 161.000000 0.001755
 162.000000 0.001749
 163.000000 0.001741
 164.000000 0.001749
 165.000000 0.001739
 166.000000 0.001746
 167.000000 0.001783
 168.000000 0.001785
 169.000000 0.001805
 170.000000 0.001796
 171.000000 0.001786
 172.000000 0.001786
 173.000000 0.001866
 174.000000 0.001880
 175.000000 0.001907
 176.000000 0.001939
 177.000000 0.001936
 178.000000 0.001999
 179.000000 0.002007
 180.000000 0.002004
 181.000000 0.002011
 182.000000 0.002008
 183.000000 0.001999
 184.000000 0.001988
 185.000000 0.001984
 186.000000 0.001974
 187.000000 0.001969
 188.000000 0.001976
 189.000000 0.001969
 190.000000 0.001971
 191.000000 0.001962
 192.000000 0.001956
 193.000000 0.001952
 194.000000 0.001946
 195.000000 0.001937
 196.000000 0.001934
 197.000000 0.001933
 198.000000 0.001929
 199.000000 0.001928
